StartChar: aacute
Encoding: 225 225 179
Width: 374
GlyphClass: 1
Flags: W
LayerCount: 2
Fore
Refer: 2 97 N 1 0 0 1 0 0 3
Refer: 80 180 N 0.848511 0 0 0.859253 86 20 2
EndChar
